7 6 11 0 2023 2 18
8 6 11 0 2023 4 25
9 6 11 0 2023 10 10
7 10 11 0 2023 1 15
8 10 11 0 2023 12 08
5 0 10 0 2023 3 22
8 0 10 0 2023 11 30
9 1 10 0 2023 5 05
5 1 10 0 2023 2 14
8 5 10 0 2023 9 28
10 5 10 0 2023 10 31
6 4 12 1 2023 4 07
7 4 12 1 2023 8 15
8 14 12 1 2023 5 2
9 14 12 1 2023 12 18
7 12 17 1 2023 11 21
6 12 17 1 2023 3 9
7 9 17 1 2023 10 12
8 9 17 1 2023 4 27
9 8 18 1 2023 3 5
7 8 18 1 2023 4 30
8 8 18 1 2023 11 17
10 15 16 2 2024 1 10
8 15 16 2 2024 1 3
7 15 16 2 2023 5 18
9 16 16 2 2023 5 23
9 16 16 2 2023 4 7
10 6 13 2 2023 2 20
8 6 13 2 2023 4 14
7 6 13 2 2023 10 25
9 7 13 2 2023 4 29
9 7 13 2 2023 11 3
9 11 15 2 2023 5 15
9 11 15 2 2023 3 9
8 6 11 3 2023 4 11
8 6 11 3 2023 9 28
9 6 11 3 2023 4 20
8 10 11 3 2023 12 1
8 10 11 3 2023 4 14
8 10 11 3 2023 10 9
8 13 15 3 2023 9 16
9 13 15 3 2023 4 4
8 13 15 3 2023 5 28
8 11 15 3 2023 5 22
8 11 15 3 2023 4 8
8 15 16 3 2023 1 12
9 15 16 3 2023 11 14
8 16 16 3 2023 3 30
8 16 16 3 2023 2 9
8 12 17 4 2023 3 4
9 12 17 4 2023 2 28
7 12 17 4 2023 3 21
8 9 17 4 2023 3 26
8 9 17 4 2023 4 1
8 9 17 4 2023 1 30
9 8 18 4 2023 5 6
7 8 18 4 2023 5 11
8 8 18 4 2023 12 14
6 4 10 4 2023 3 17
9 1 10 4 2023 4 19
7 1 10 4 2023 11 26
3 0 10 4 2023 2 23
5 0 10 4 2023 5 5
9 3 14 5 2023 12 6
8 3 14 5 2023 3 18
9 3 14 5 2023 1 24
8 2 14 5 2023 4 30
7 2 14 5 2023 3 12
9 2 14 5 2023 10 15
8 10 11 5 2023 4 25
9 10 11 5 2023 5 17
8 6 11 5 2023 3 2
7 6 11 5 2023 10 3
9 6 11 5 2023 5 10
8 7 13 5 2023 11 11
9 7 13 5 2023 10 09
8 6 13 5 2023 10 28
7 6 13 5 2023 5 14
8 12 17 6 2023 10 17
10 12 17 6 2023 2 1
7 12 17 6 2023 5 29
7 9 17 6 2023 10 8
8 9 17 6 2023 3 19
8 9 17 6 2023 12 26
9 8 18 6 2023 4 2
7 8 18 6 2023 1 8
8 8 18 6 2023 4 21
10 4 120 6 2023 11 24
10 4 10 6 2023 5 30
10 1 10 6 2023 10 6
6 1 10 6 2023 3 9
10 0 10 6 2023 5 18
9 0 10 6 2023 2 11
10 15 16 7 2023 3 27
8 15 16 7 2023 10 11
8 15 16 7 2023 12 4
9 16 16 7 2023 1 21
10 16 16 7 2023 5 2
10 6 13 7 2023 4 8
8 6 13 7 2023 2 17
7 6 13 7 2023 10 18
8 7 13 7 2023 3 24
9 7 13 7 2023 11 1
9 11 15 7 2023 5 13
10 11 15 7 2023 5 14
8 6 11 8 2023 12 25
7 6 11 8 2023 4 1
9 6 11 8 2023 1 31
8 10 11 8 2023 4 4
7 10 11 8 2023 10 26
8 10 11 8 2023 10 5
8 13 15 8 2023 5 6
9 13 15 8 2023 2 18
10 13 15 8 2023 11 27
8 11 15 8 2023 3 6
8 11 15 8 2023 10 13
8 15 16 8 2023 5 16
9 15 16 8 2023 4 2
8 16 16 8 2023 4 29
9 16 16 8 2023 10 20
5 4 12 9 2023 1 14
7 4 12 9 2023 5 23
8 14 12 9 2023 11 3
9 14 12 9 2023 4 9
7 12 17 9 2023 2 26
7 12 17 9 2023 3 14
7 9 17 9 2023 12 19
8 9 17 9 2023 2 05
10 8 18 9 2023 3 16
8 8 18 9 2023 2 23